234
32
5
325
235
23
5
235
23
52
35
325
23
534
345
2344
53
3246
424
64542
264
5464
4563
455
643
4565
454
64
4556
426
47
427
7
45
745
7
47
45
74
7
47
4
7
547
4
745
85
67
457
658
567
4577
425
7247
24
7247
247
25
724745
7
252
65
6245
6456
426
246
2
645
42
5
4
56
625
6
25652
526
542
642
645
42
6
527
257
426
4
7427
45
7
457
24
745
7
57
54
7
457
4527
42
7
457
45
74
57
45
7
45
74
27
2
4326
246
243
643
6
346
3246
34
634
6
2436
243
64
326
4326
436
34
6
1346
4326
2
6
46
457
568
3
26
6247653
852
7
247
25
562
46
427
527
5368
526
4326
42
7245
725
6246
432
76285
734
16
265
7
1274572457
36
26
2456
546
1346
45745
63
46
246
57
24
624
6245724
535673562
457
2567
6547
245
6341
64
7
456
456
246
526
47
568
567246
1346
457
536
7432
643
756
8356
72456
246
247
247
42
634
624
754
7
247
2457
856
8563
724
7
458
56
8427257
548
24
724
72
47
247
2457
245
754
72
464
376
358
65874
574
58
568
24
745
845
745
8
42
2346
346
324
6234
34
534
5
3426
3245
342
346
324
3246234
345
1